OTU_id	A1	A2	A3	A4	A5	A6	A7	A8	A9	A10	A11	A12	A13	A14	A15	A16	A17	A18	A19	A20	A21	A22	A23	A24	A25	A26	A27	A28	A29	A30	A31	A32	A33	A34	A35	A36	A37	A38	A39	A40	A41	A42	A43	A44	A45	A46	A47	A48	A49	A50	A51	A52
RGB.B1.JS.1	0.407271585	0.455217676	0.431723391	0.457625463	0.41380428	0.406104006	0.537964171	0.46703675	0.468728315	0.419419044	0.413508894	0.497306313	0.440334759	0.446955121	0.523632155	0.451490305	0.483566391	0.465648281	0.438225369	0.520876974	0.41312827	0.497254679	0.41665873	0.499652818	0.398089158	0.446652664	0.399384083	0.514206422	0.555337275	0.496603602	0.430622352	0.444422639	0.558192802	0.41521541	0.409690285	0.42532652	0.396801693	0.50010144	0.441233113	0.510605673	0.554394518	0.415431802	0.474877053	0.489982268	0.507956808	0.45049249	0.42348717	0.464723174	0.483440672	0.438423582	0.495730029	0.446149914
RGB.B2.JS.1	0.429506403	0.461863144	0.441927047	0.467265852	0.437060474	0.427471427	0.524452462	0.466475934	0.48684686	0.433122623	0.431148199	0.498146685	0.448704398	0.451930802	0.51548984	0.456723751	0.476950329	0.469979574	0.449419573	0.511037368	0.428801503	0.49454841	0.438574401	0.496553538	0.409833223	0.457691261	0.420634945	0.507370708	0.533521203	0.499771845	0.453851667	0.45113037	0.535657723	0.438749369	0.432251855	0.440801144	0.422173209	0.497871905	0.45117565	0.502915371	0.537351579	0.435005679	0.478659802	0.487788491	0.50494277	0.464590475	0.455301992	0.466454801	0.483439165	0.441090761	0.487455384	0.454891909
RGB.B3.JS.1	0.405364893	0.457174096	0.421712247	0.453956496	0.418587717	0.409123587	0.527417928	0.463371974	0.46927275	0.420166231	0.420948101	0.498231063	0.443297216	0.446175139	0.523633177	0.445214193	0.468948711	0.461270524	0.440437532	0.512475659	0.418391626	0.498155047	0.425140139	0.496212456	0.400540096	0.445566673	0.404137271	0.508189744	0.546239453	0.491419575	0.440035722	0.442302505	0.551564378	0.426141529	0.423787836	0.432785557	0.406389838	0.497400045	0.442854106	0.499314514	0.546658528	0.424848842	0.473473717	0.490783012	0.512650302	0.452595847	0.435320844	0.46130021	0.487486119	0.4332219	0.491120502	0.444847638
RGB.RGBI.JS.1	0.478425584	0.497284409	0.492091153	0.486048137	0.478151582	0.484768583	0.512008753	0.499736165	0.482110027	0.484899763	0.482739087	0.492756772	0.48687808	0.496827895	0.511986216	0.496677346	0.512264929	0.487846202	0.488176758	0.510593468	0.484933045	0.505723623	0.476521962	0.499735129	0.486420157	0.48879605	0.480325064	0.50662142	0.520247022	0.499207179	0.478523528	0.493347553	0.522452628	0.474782908	0.476337888	0.485752598	0.474543231	0.504024897	0.490140289	0.508137334	0.517323834	0.482556107	0.493262457	0.501038596	0.501913093	0.486716694	0.469076895	0.497737992	0.500826582	0.497192896	0.515169892	0.491293016
RGB.RGBVI.JS.1	0.699488106	0.512029955	0.597959717	0.5880379	0.600730927	0.579935275	0.449886783	0.51887591	0.562871572	0.60585046	0.625729199	0.536272545	0.621980018	0.546511628	0.391382996	0.539154161	0.46295009	0.599409085	0.597898904	0.439016229	0.607116921	0.463655365	0.602703718	0.513735916	0.641524258	0.584370093	0.600742525	0.466983373	0.400610954	0.521592767	0.577172709	0.555581976	0.394839943	0.654957277	0.630228137	0.569694945	0.630879791	0.481226609	0.593129639	0.486144636	0.354151359	0.585390149	0.534684462	0.484573241	0.475325663	0.555044441	0.628792653	0.550059453	0.473272046	0.560500695	0.435835553	0.584237492
RGB.NDI.JS.1	-0.954954955	0.513471901	1.770491803	0.698146514	0.735918069	0.619927232	0.312399356	0.446494465	0.591364421	0.919561243	29.16666667	0.598244945	-0.361746362	0.387755102	6.4375	0.531569665	-0.521410579	0.835411471	1.459893048	-1.932330827	1.181957187	0.372628726	0.751231527	0.524223602	-0.292543021	0.813357731	0.778947368	1.727272727	0.164890634	0.505882353	0.659899749	0.639021074	0.191774492	1.257874016	1.361881785	0.739404353	0.899318301	0.398021309	-0.260309278	0.397169026	1.2696793	0.835781041	0.566076696	0.320224719	0.476400529	0.581552782	0.808297089	0.437279152	0.555765595	0.3432282	0.330431979	-1.846846847
RGB.ExR.JS.1	0.356023122	0.428318081	0.406382931	0.427264314	0.33594378	0.330086574	0.576165372	0.468345123	0.354587893	0.381647655	0.370515031	0.494590698	0.421385182	0.435752081	0.542238113	0.432769131	0.500017952	0.454201207	0.409421174	0.545351588	0.372200988	0.505079269	0.341454385	0.507820835	0.371386305	0.415921769	0.334771675	0.530447072	0.620176429	0.486029764	0.332671727	0.42473844	0.629775328	0.352240806	0.349910899	0.378754349	0.320703524	0.506449226	0.417692104	0.535856835	0.593018379	0.359786474	0.460956863	0.495511363	0.517944861	0.380724644	0.311879917	0.460957582	0.48344422	0.432176739	0.524523174	0.424730121
RGB.ExG_ExR.JS.1	0.140176086	0.617466218	0.231558716	-0.562075373	8.502627835	6.245923274	0.781477227	0.462098178	0.648253506	0.122792257	0.204822314	0.438664285	0.363924428	0.394307204	0.608976952	0.909943941	0.522742797	0.36710905	0.276233586	0.619823164	0.183743344	0.588661653	4.60312981	0.541043062	0.288718594	0.160046103	-0.751832525	0.577117341	1.313848732	2.196533761	0.910740168	0.210093564	5.683068334	0.048511578	0.074979669	-0.149520186	-0.519166913	0.54096041	0.328621313	4.233794799	0.709637042	-0.113195868	0.649159557	0.527407377	-0.679493081	0.67798887	3.179837418	0.441117374	0.496172042	0.391371659	0.030641879	0.318556536
RGB.BGI.JS.1	0.476741241	0.496708906	0.482208536	0.484309123	0.483360827	0.484503142	0.502584865	0.496731758	0.482634254	0.486773152	0.489560895	0.49611028	0.491329833	0.494771602	0.50966144	0.4882725	0.49546929	0.486129792	0.490313057	0.501529796	0.489979466	0.504491525	0.486061053	0.497061435	0.489638399	0.487632584	0.484904471	0.500320612	0.511258759	0.49283436	0.487267845	0.490899144	0.515563301	0.486901815	0.4912965	0.492611885	0.484330424	0.500789856	0.49168101	0.496729176	0.509171216	0.490528351	0.492807612	0.502518128	0.507101804	0.488298504	0.481178432	0.495250234	0.504304205	0.491200296	0.509180313	0.4898492
RGB.VARI.JS.1	-0.88961039	0.510308479	1.924460432	0.693108974	0.737708565	0.61442623	0.313498277	0.427884615	0.585744456	0.921354451	24.38888889	0.594170404	-0.336154776	0.384732824	7.696629213	0.524152542	-0.515933232	0.83070666	1.474025974	-1.917030568	1.181407942	0.371313131	0.75084246	0.515518547	-0.283018868	0.809235844	0.780191138	1.55	0.161759729	0.502025316	0.660357359	0.636217304	0.193958216	1.261046512	1.363571429	0.740095628	0.900188917	0.398630137	-0.260736196	0.393018584	1.25728988	0.83021124	0.561619082	0.328813559	0.480407944	0.577549486	0.809882066	0.432291667	0.561085973	0.339581036	0.338849647	-1.769633508
RGB.B1.JS.2	0.387765387	0.466174797	0.40468045	0.466559903	0.410774509	0.372916078	0.542459417	0.437159961	0.491234872	0.417100096	0.385620988	0.50091903	0.461610667	0.455658142	0.516850832	0.453745348	0.455324462	0.462150948	0.418263159	0.516863738	0.403095849	0.51646597	0.42396005	0.467575431	0.387659271	0.399155872	0.4262935	0.504988893	0.537544661	0.512521065	0.447320004	0.474165868	0.563049444	0.403808162	0.421625805	0.432811657	0.411057836	0.503013307	0.450965576	0.515286228	0.553739576	0.42670325	0.510937669	0.501913147	0.519538438	0.438570946	0.415474783	0.468484142	0.501024083	0.426456685	0.494223584	0.440463093
RGB.B3.JS.2	0.385667029	0.465194634	0.39622427	0.464410868	0.412813296	0.380494716	0.530471419	0.432204572	0.486868913	0.421057781	0.389359685	0.492712282	0.458006122	0.452016626	0.511043132	0.449320922	0.445062683	0.463332731	0.425894778	0.514260682	0.408748228	0.517824672	0.428392613	0.46769123	0.38894369	0.411930192	0.423681859	0.498235201	0.524599317	0.505172586	0.449616446	0.468703475	0.553008733	0.415367601	0.4305565	0.437900341	0.420388971	0.500081035	0.448489344	0.510748335	0.54893604	0.431306475	0.500992758	0.501326153	0.520729572	0.436508339	0.42783616	0.465039771	0.49764318	0.424061181	0.491998904	0.437329234
RGB.BGI.JS.2	0.472053789	0.50120048	0.478629977	0.488663035	0.488099043	0.482916275	0.508098308	0.487139814	0.492879996	0.489228631	0.484403969	0.500619503	0.493024838	0.496429222	0.508904068	0.494248433	0.492467682	0.491976966	0.489634232	0.504828954	0.48725241	0.515287958	0.493268804	0.494196726	0.487523087	0.483052464	0.495697876	0.502008781	0.506135034	0.498277522	0.491814947	0.494613662	0.520290148	0.48742915	0.497284529	0.493929847	0.493016351	0.500632111	0.49395579	0.495238501	0.514328473	0.493863009	0.504500918	0.507572742	0.516267932	0.487916225	0.482710075	0.495740222	0.509865489	0.491018945	0.51599919	0.488853932
RGB.RGBI.JS.3	0.453450891	0.521253257	0.494403697	0.536449167	0.498898753	0.478533018	0.528980426	0.499073333	0.494930612	0.495522744	0.481302437	0.514941728	0.501190098	0.531120938	0.52598419	0.519188005	0.502321715	0.496711746	0.484604872	0.532090577	0.488247645	0.521371101	0.497496478	0.513379967	0.468290768	0.502320871	0.490714419	0.52354777	0.547319029	0.508711963	0.511071968	0.518775126	0.539752572	0.475330758	0.490287553	0.510521481	0.52477088	0.504241025	0.515089993	0.54240401	0.548850974	0.501330452	0.534822983	0.538828997	0.5418	0.509900549	0.477544792	0.502073223	0.530289169	0.534703723	0.508792623	0.506869639
RGB.RGBVI.JS.3	0.689474573	0.460362837	0.537075438	0.439812061	0.521755767	0.563430778	0.385074885	0.500096768	0.517191891	0.509955933	0.556747462	0.478507769	0.502697767	0.410047231	0.383862434	0.456281469	0.490342866	0.506548673	0.552798764	0.368399675	0.557601758	0.426131146	0.499715568	0.437964891	0.632732798	0.493138557	0.538801436	0.424592787	0.38185641	0.484327743	0.488610607	0.468316313	0.402870082	0.593063584	0.516187198	0.457281268	0.424855683	0.484798345	0.432982135	0.394955984	0.312325933	0.497637012	0.440898477	0.392857143	0.395592225	0.485795942	0.579132474	0.470759553	0.395890072	0.41417513	0.465798046	0.491670767
RGB.NDI.JS.3	0.822929317	0.434787212	0.516834432	0.369643523	0.498289136	0.570605556	0.357192737	0.507434944	0.51876433	0.525252525	0.596580575	0.433150899	0.501584934	0.356790482	0.326007326	0.431864326	0.464898091	0.529494949	0.581882771	0.288495188	0.598754448	0.423292407	0.50620534	0.436589756	0.771016134	0.491666667	0.536621824	0.383169658	0.335853514	0.460874653	0.466017362	0.426861702	0.36716038	0.62513369	0.549930168	0.449661466	0.407649015	0.478267025	0.401618929	0.337237124	0.229874614	0.482703566	0.385043755	0.351832994	0.358876999	0.46777714	0.623438092	0.47638484	0.327346788	0.351851852	0.460880999	0.465847914
RGB.CIVE.JS.3	0.040524813	3.642102215	0.346492153	1.037993141	0.390896156	0.399106688	0.674708449	0.532902207	-0.073750826	0.541788474	0.432658216	0.588049023	0.558406784	0.628414202	0.612330574	0.801807388	0.466169498	0.538168616	0.471719416	0.616193071	0.459826842	0.951284912	0.525072897	0.653490148	0.428999239	0.627872118	0.475709515	0.722422347	1.579351372	0.520552966	0.865131343	0.5686617	2.711668233	0.346297999	0.491934936	0.68995145	0.825229978	0.523716089	0.572311927	0.641816975	1.016893774	0.4870462	-2.087399991	0.904018173	-0.671939108	1.683756658	-0.235656326	0.506845967	0.682805282	0.713604576	1.173055009	0.701404729
RGB.ExG.JS.3	0.657936911	0.445461332	0.528035342	0.452270287	0.515661122	0.530854255	0.403069161	0.471195998	0.513915976	0.471173409	0.522400533	0.460957964	0.464111008	0.443192113	0.427476317	0.424584575	0.513426063	0.477729008	0.511162172	0.414593099	0.530761678	0.431573055	0.491448242	0.425627024	0.561735782	0.465900522	0.503806343	0.432667097	0.41495376	0.496843681	0.483019495	0.488737622	0.413915012	0.570837856	0.500141108	0.432739355	0.42781578	0.49274079	0.457146236	0.466063605	0.358946672	0.505610181	0.459955716	0.427064199	0.425255644	0.472506106	0.573247708	0.496065822	0.429637727	0.414979573	0.465781249	0.477693345
RGB.ExR.JS.3	0.201128001	1.434998725	0.39613277	1.013906516	0.360858248	0.1607828	0.760903423	0.482681551	0.425053842	0.44361988	0.312621048	0.625871237	0.580847989	0.716531122	0.606056691	0.77455451	0.448156682	0.563589629	0.362347086	0.730095071	0.389729888	0.8297087	0.430726634	0.64908825	0.30572852	0.499343831	0.350200843	0.710412148	1.278304662	0.539719141	1.053694323	0.716772711	1.255972758	0.295848776	0.43270463	0.540462295	0.827292795	0.553858781	0.593825376	0.99204223	0.851284477	0.456386507	1.240056327	0.982078711	1.307299923	0.71436429	0.35233501	0.535228436	0.702690548	0.848720197	0.586670991	0.535326898
RGB.ExG_ExR.JS.3	2.237989164	0.400250181	0.63000685	0.334566867	0.529036658	0.658234202	-0.18392107	0.439916889	0.526812491	0.497696787	0.73602345	0.306336546	0.269216976	0.307668359	-0.336662268	0.375790739	0.569402169	0.162791245	0.644206957	-0.706413815	6.531927189	0.372923812	0.505175515	0.240956042	702.9846154	0.455989821	0.580381902	0.150778767	0.262794568	0.478742827	0.461918894	0.429834038	0.302766781	0.856173821	0.558991937	0.386939652	0.340627491	0.465547298	0.231928213	0.328804337	-0.251488104	0.565601052	0.370199802	0.25537347	0.315962399	0.448403742	0.755942909	0.859154203	0.143856151	0.247820103	0.437945752	0.446854243
RGB.BRI.JS.3	0.511334393	0.483652688	0.487914804	0.465345852	0.483858051	0.503808417	0.491371648	0.502624046	0.500152496	0.505000441	0.511717524	0.481478408	0.498669188	0.477537662	0.48442244	0.487095121	0.487802773	0.507090645	0.509424368	0.47955905	0.503675864	0.499518624	0.502624102	0.502427863	0.522218438	0.500008894	0.497625302	0.488767467	0.473761913	0.489161787	0.485636646	0.47989784	0.481648003	0.507483533	0.512622625	0.497472754	0.491224308	0.496861551	0.493049863	0.475757207	0.48253553	0.494268259	0.469685039	0.480073157	0.485818245	0.490008129	0.505857374	0.502584367	0.480937647	0.472828924	0.500349638	0.490723596
RGB.VARI.JS.3	0.821798048	0.430170316	0.506359782	0.359490757	0.486945736	0.563927262	0.362679795	0.509706546	0.516588996	0.527706735	0.599298824	0.426717883	0.495418709	0.35530086	0.327418308	0.431649832	0.456390565	0.531002865	0.581475636	0.286264133	0.598209762	0.432258065	0.506181611	0.440499671	0.772893192	0.492460646	0.534532991	0.377905822	0.335181351	0.454781444	0.460268071	0.419790331	0.36921643	0.619525914	0.556751468	0.453719008	0.410918507	0.47724517	0.402047464	0.337446431	0.235554152	0.480456349	0.376719155	0.354323308	0.365473598	0.464416484	0.620448653	0.476891092	0.325925149	0.346129032	0.466959673	0.462729245
RGB.RGBI.BS.1	0.469175779	0.522889156	0.52256284	0.55320451	0.51968423	0.509067838	0.528007793	0.505965434	0.510263236	0.500275078	0.490297687	0.519786697	0.52605907	0.531273639	0.524051946	0.517431888	0.512851452	0.51613085	0.489506027	0.528587813	0.496836614	0.517306876	0.513702483	0.511320172	0.48864558	0.522642698	0.516616839	0.519675837	0.550322864	0.519741648	0.507092271	0.541541887	0.529930076	0.502094865	0.502961715	0.524207398	0.544944172	0.50280672	0.523278883	0.55748057	0.532424242	0.51932413	0.546186364	0.520657193	0.547258999	0.53018336	0.508677325	0.526301146	0.541428225	0.538770473	0.522808045	0.532599186
RGB.RGBVI.BS.1	0.626573427	0.460625362	0.439188263	0.361596904	0.451051323	0.450749842	0.386198547	0.461744618	0.483320503	0.463878023	0.516795866	0.442890059	0.406559665	0.406531961	0.406882022	0.434765625	0.449062867	0.418471721	0.512247714	0.386352519	0.522863364	0.423526547	0.436487322	0.436064911	0.497984809	0.415891746	0.460546674	0.425368227	0.365837653	0.428724976	0.493786708	0.386130599	0.43086546	0.476694624	0.467592254	0.408082629	0.379743288	0.477724101	0.384530299	0.376054822	0.391156964	0.429854422	0.39336235	0.451240662	0.381269635	0.432317591	0.461860685	0.383561644	0.333080079	0.386151623	0.405947666	0.41149047
RGB.NDI.BS.1	0.937310415	0.387170676	0.290806223	0.02946376	0.400342306	0.428165007	0.269983687	0.440850554	0.43942098	0.49363167	0.570601852	0.33864323	0.327582241	0.327099377	0.322959739	0.402883016	0.394993046	0.373154362	0.616777531	0.268312534	0.539782484	0.407858614	0.421625417	0.417326297	0.605725439	0.33292772	0.379181338	0.36205337	0.229639035	0.359325125	0.465980078	0.214514652	0.348124036	0.474885845	0.470239629	0.335955056	0.305116959	0.479366321	0.277927523	0.214096186	0.25424158	0.338446314	0.269710243	0.388559093	0.276910828	0.337617668	0.429543736	0.26437463	0.139428571	0.261443134	0.35372175	0.257575758
RGB.CIVE.BS.1	0.264157439	1.372101876	0.656662966	0.792930312	0.614407088	0.662942825	0.622785013	0.555154754	0.627581505	0.556671509	0.497688034	0.605255334	0.742600483	0.689282404	0.664351352	0.708750984	0.623502994	0.642892884	0.497851371	0.600372857	0.485234929	0.836574088	0.681950472	0.5900819	0.537207207	0.644434147	0.67519513	0.651966488	0.984736351	0.629656213	0.56463533	0.703341089	1.072659197	0.521018742	0.598456087	0.830413677	1.24427119	0.513967928	0.642030443	0.585920472	0.90325759	0.595234811	1.119986094	0.573916698	-192.4723837	0.995440466	0.881142195	0.639243036	0.825008142	0.660301501	1.004660201	0.961801194
RGB.ExG.BS.1	0.584157252	0.411638964	0.451796678	0.369245686	0.470100639	0.414353408	0.418325103	0.452361686	0.477324759	0.456525493	0.493080707	0.433720704	0.391422554	0.425892151	0.42117597	0.405664014	0.439353713	0.424585344	0.496161227	0.427029239	0.507445588	0.402637981	0.427871218	0.454368419	0.464685986	0.424678791	0.430028498	0.439988538	0.388862779	0.457862977	0.486762149	0.423712857	0.399363077	0.486723942	0.461997787	0.37571289	0.375331057	0.495083706	0.402322272	0.476464044	0.388211171	0.452281467	0.408321784	0.484299217	0.396412563	0.402003901	0.448497015	0.402315102	0.355955969	0.415121255	0.378573623	0.40641496
RGB.ExR.BS.1	0.292059566	0.62804821	0.554471478	0.75971313	0.618564169	0.450799003	0.66512842	0.49446212	0.561399285	0.478680851	0.38752533	0.600857516	0.680992623	0.69555848	0.593434432	0.57602439	0.50901429	0.641090736	0.432981397	0.691306124	0.443184113	0.55713714	0.558029274	0.575943203	0.39599694	0.616019038	0.514676257	0.623159652	0.863693571	0.592507414	0.548390228	0.749310524	0.688639825	0.461171708	0.489915469	0.597459644	0.924910727	0.540644603	0.602467375	0.938345636	0.690214062	0.562796402	0.86023967	0.679564276	0.895101776	0.68856634	0.53218399	0.63554232	0.703152169	0.763059715	0.606934162	0.667960211
RGB.ExG_ExR.BS.1	-10.09161956	0.327324849	0.237857195	-0.429468154	0.406474186	0.375327423	-0.453254373	0.296672468	0.420770029	0.389530417	0.816354651	-0.367994541	-0.010676261	0.239530998	0.049616278	0.304935891	0.352497893	-0.228294881	0.777706836	-0.253089997	-0.356808816	0.323311685	0.357890418	0.324166903	0.674621769	0.231422662	0.341735224	0.190388924	0.058942499	0.316176254	0.458669357	0.048223735	0.266738437	0.519386664	0.419363541	0.17055882	0.220945073	0.45598834	-0.141289942	0.201305276	-0.09475921	0.261064447	0.171486295	0.342504261	0.205194308	0.255161536	0.350452718	-0.687797493	-0.449687914	0.14264546	0.215043714	0.105520176
RGB.BGI.BS.1	0.472078157	0.501449845	0.507465595	0.514769953	0.510803995	0.51357056	0.521124865	0.508747576	0.499053235	0.51517952	0.50115197	0.504863662	0.522297028	0.521091575	0.520582014	0.518048254	0.511845431	0.522389094	0.505550927	0.51988668	0.493784641	0.527523819	0.522190022	0.521674069	0.511894786	0.52408983	0.50413726	0.520698327	0.522755371	0.517399727	0.496707946	0.518112568	0.511349597	0.508942705	0.511953027	0.522549158	0.533593061	0.508502686	0.526635075	0.522566272	0.519523832	0.512954937	0.517643656	0.505193426	0.533576941	0.510084771	0.510912914	0.523270242	0.535126744	0.522155802	0.528074802	0.513096777
RGB.BRI.BS.1	0.501188616	0.477666527	0.482297064	0.461931855	0.489138666	0.50043697	0.491888783	0.501149019	0.488782246	0.514295296	0.509124198	0.484602695	0.49669749	0.488810552	0.492432992	0.500088071	0.496075706	0.506276919	0.516172812	0.490691804	0.496053848	0.509169769	0.505825895	0.508467314	0.522871291	0.500982318	0.4860355	0.499217495	0.472340673	0.496969822	0.490219763	0.476353441	0.481166803	0.504356165	0.507656764	0.498158938	0.488640799	0.504168305	0.502144514	0.464021575	0.48698779	0.491074155	0.471630366	0.48479102	0.486878954	0.479777328	0.501185286	0.496334783	0.492505574	0.482336165	0.505198101	0.48047627
RGB.VARI.BS.1	0.94329553	0.380835882	0.289906943	0.031889401	0.402466477	0.430977259	0.269854401	0.440366972	0.436017787	0.50106792	0.573773385	0.335125448	0.329929527	0.329819789	0.326837791	0.408474576	0.398003472	0.380563427	0.623250564	0.268884155	0.537175382	0.419423693	0.428123649	0.425841924	0.616438356	0.339137255	0.380497925	0.365376313	0.228083786	0.365182303	0.462749974	0.214398168	0.345867856	0.476704545	0.475667939	0.343096234	0.312396997	0.48168542	0.287457754	0.210837023	0.255506608	0.342157919	0.268155259	0.38773729	0.283718541	0.334959719	0.432285851	0.270524412	0.143164693	0.26455886	0.365984789	0.256602594
RGB.B1.BS.2	0.43729562	0.509200858	0.538447578	0.556677809	0.53387736	0.48219133	0.577593918	0.486010316	0.521366931	0.505535634	0.458019783	0.522432971	0.55364135	0.546413772	0.526215525	0.526388141	0.499439131	0.53115069	0.494397475	0.582475655	0.480515333	0.518513164	0.518668766	0.520550692	0.468739903	0.511215771	0.544646696	0.552641022	0.550138175	0.510887918	0.536149201	0.567204368	0.542541106	0.529940816	0.498474257	0.508320284	0.52409353	0.481746384	0.496394744	0.585791089	0.534251952	0.506032863	0.569040584	0.547450889	0.580457579	0.532178387	0.489319574	0.533808243	0.551328349	0.539225014	0.506178535	0.508887031
RGB.B3.BS.2	0.43184197	0.501973576	0.516713735	0.5426751	0.5143765	0.472858392	0.562872543	0.491254664	0.491417284	0.503845057	0.475914265	0.509922173	0.557011842	0.543213816	0.527644185	0.497069144	0.482384235	0.538123321	0.503762099	0.572239242	0.474999523	0.537805129	0.498425588	0.508617179	0.478718926	0.528405128	0.524341217	0.533321609	0.529219839	0.51558763	0.514635348	0.553536684	0.53671448	0.523824878	0.513248978	0.506657303	0.52513847	0.479621037	0.506234483	0.564109448	0.533520939	0.507457172	0.533237688	0.513427725	0.586874721	0.492780837	0.480059515	0.549125178	0.556923799	0.535890141	0.519011165	0.511982863
RGB.RGBI.BS.2	0.472088103	0.524664079	0.527109489	0.545192579	0.524630542	0.503727885	0.539882237	0.496344748	0.520504609	0.507719142	0.483462907	0.522375301	0.522454267	0.536159705	0.524836576	0.527883371	0.516966627	0.510978957	0.492535863	0.53486681	0.500452407	0.519141492	0.52215544	0.525391802	0.49641212	0.510869778	0.542310393	0.536384067	0.542292267	0.51394072	0.530614816	0.548100555	0.534980698	0.512173564	0.499315818	0.520674467	0.529588905	0.491492848	0.505572944	0.546811731	0.528178139	0.513646498	0.551501433	0.535477861	0.557441011	0.545222676	0.507657325	0.520846782	0.535431632	0.53217623	0.513199071	0.522807421
RGB.RGBVI.BS.2	0.635904318	0.444768304	0.432042409	0.332669323	0.456472614	0.503767871	0.365621042	0.504083281	0.479176574	0.463283902	0.537613169	0.437953582	0.40535523	0.386737686	0.397131663	0.449634638	0.467511476	0.441203282	0.512301935	0.354488767	0.511299435	0.425772382	0.458445368	0.412991054	0.492615043	0.431964374	0.386289236	0.409481387	0.38311304	0.439235885	0.439512277	0.342211021	0.403097784	0.468053201	0.474239776	0.426370548	0.398298862	0.54016921	0.453262	0.389505381	0.383521903	0.442138186	0.388044334	0.428994481	0.322943583	0.407297192	0.486628395	0.368831378	0.324429021	0.385091514	0.419480519	0.399197305
RGB.NDI.BS.2	0.800537016	0.417320188	0.23091664	0.146798542	0.398432397	0.470051635	0.264614186	0.528012806	0.372672107	0.426199262	0.631336406	0.380248266	0.370081885	0.344081399	0.344083894	0.363219562	0.393626335	0.430285577	0.548666811	0.255234063	0.484454939	0.433258679	0.393966682	0.28907075	0.536206897	0.429586293	0.235900546	0.257022175	0.281984786	0.397017332	0.372750643	0.185527163	0.339349067	0.429325823	0.504807692	0.364754098	0.330159939	0.538045316	0.44894027	0.274534553	0.340742068	0.392001808	0.273119239	0.307050093	0.240558168	0.252837788	0.450140601	0.342228811	0.12491277	0.30046474	0.401574803	0.337508863
RGB.CIVE.BS.2	10.4640446	0.310595028	-0.358209574	4.709146209	0.381273022	0.39672524	10.1732161	0.562596437	0.273892855	0.670718044	-0.12951484	-0.66797842	24.92029539	-0.283533299	11.39158665	-0.220243412	0.30064843	1.672100672	0.29063438	1.093521865	0.451910408	0.304455902	0.295397748	1.40774071	0.684787041	-0.092011726	-0.493807967	-0.025203762	-0.187379935	0.162823874	0.267154701	-1.652895397	0.178917772	0.454123708	0.275718684	-0.289871493	-0.095173024	1.343468335	-2.066357514	0.086861858	-0.645074686	-1.021977179	0.067131474	-0.020257953	-0.041865897	-0.161186272	0.308146363	1.989687531	2.877212389	-1.398995018	-0.082655944	-0.494571765
RGB.ExG.BS.2	0.615409073	0.436906535	0.44626311	0.347644307	0.473984676	0.492055896	0.393319852	0.488528653	0.475243468	0.467413267	0.517148795	0.43373349	0.427400589	0.408601175	0.406298337	0.446979137	0.473560193	0.42619933	0.51477651	0.39966516	0.512822483	0.438153407	0.468247843	0.42668622	0.468396482	0.441315994	0.399983879	0.427714896	0.395576504	0.457220862	0.447304411	0.37160917	0.417223915	0.497624621	0.47539385	0.423252457	0.402467739	0.537192254	0.462256413	0.438780466	0.405346195	0.454497967	0.40828265	0.438764107	0.354856633	0.395290892	0.467180016	0.38625777	0.349135872	0.402523521	0.429643833	0.396501419
RGB.ExR.BS.2	0.338529243	1.086625825	0.633336825	0.7389636	0.772121998	0.49100037	0.770314188	0.47462323	0.627042566	0.532473175	0.386584228	0.64491621	0.672563417	0.829073899	0.63172614	0.706960983	0.566565703	0.599707919	0.457465631	0.733741062	0.471647156	0.900962763	0.662890384	0.607800717	0.455364226	0.565297916	0.735679596	0.711117541	0.813535787	0.560867775	0.807295835	0.78171262	0.804942695	0.585520057	0.496276733	0.600810162	0.683507813	0.417289798	0.509839086	0.874083947	0.671721944	0.550614881	0.968623099	0.736705176	0.996596556	0.800693401	0.529310058	0.620493385	0.671399311	0.698784127	0.559294269	0.609739362
RGB.ExG_ExR.BS.2	2.135756299	0.388216171	0.028415446	-0.372945354	0.409524963	0.492725963	-0.078243349	0.515318613	0.3508342	0.237505681	0.786076878	0.255628211	0.177820524	0.266846214	0.125333949	0.301897351	0.411701968	0.086995984	0.579789951	-0.317715413	-4.752703639	0.399962634	0.39224142	0.050064099	0.514355256	0.352665277	0.112205914	0.155211147	0.162846896	0.368262954	0.34803715	-0.054842934	0.285957625	0.443915521	0.457885633	0.263046075	0.232556457	0.616772201	0.394985351	0.247787028	0.165272061	0.337187627	0.203664514	0.204033257	0.127763875	0.15872829	0.411239278	-0.077547711	-0.895721506	0.164674518	0.290009937	0.155692757
RGB.BGI.BS.2	0.466240427	0.516857015	0.504548702	0.531053988	0.504289426	0.492701704	0.523640871	0.502138723	0.490485564	0.50618388	0.500344345	0.508408883	0.525576548	0.532147038	0.523522988	0.498479764	0.498468517	0.51806602	0.502108414	0.524420876	0.494615052	0.536897515	0.500934405	0.512507377	0.506379155	0.528166063	0.520203359	0.514842098	0.521026043	0.517357463	0.509157687	0.533408647	0.529257117	0.504534673	0.513932174	0.518433893	0.530099557	0.488274927	0.514984317	0.524833525	0.526874834	0.51342944	0.51542067	0.502297126	0.563991984	0.506047343	0.498851695	0.535942209	0.540236496	0.528558968	0.526820604	0.526381793
RGB.BRI.BS.2	0.492680508	0.490882917	0.476479157	0.486266613	0.477263688	0.485630766	0.48142201	0.506230136	0.469770411	0.498287504	0.516025893	0.484750966	0.503054638	0.495158777	0.495562214	0.471764164	0.47943482	0.506747545	0.509771987	0.488994092	0.493805802	0.515780716	0.477339754	0.486620297	0.509712399	0.517549404	0.47571449	0.476244061	0.478364973	0.500607706	0.47920914	0.484316059	0.494249621	0.490740029	0.514575337	0.49752238	0.500133594	0.495231253	0.508848674	0.478126838	0.49810348	0.497367631	0.463590873	0.468821681	0.506392395	0.460949255	0.491041422	0.514434472	0.504299136	0.49572564	0.514688602	0.503881297
RGB.B1.BS.3	0.424882072	0.485687481	0.533942027	0.543120883	0.514083589	0.456459991	0.571226174	0.482989791	0.507998631	0.495491151	0.455681249	0.526940839	0.535395565	0.524023406	0.502711451	0.511495196	0.471290595	0.536687783	0.508892509	0.577532439	0.492647372	0.497302737	0.504703633	0.518193185	0.461408274	0.501125739	0.517453796	0.532920515	0.545136065	0.497386122	0.502820564	0.568493385	0.524839894	0.518424916	0.486845528	0.500719399	0.515750649	0.489479474	0.476137412	0.585213315	0.521635878	0.491549773	0.539883528	0.546703307	0.544581899	0.522144472	0.491805991	0.533655785	0.529059788	0.539473299	0.492053888	0.504571905
RGB.B3.BS.3	0.432045535	0.503089746	0.518154734	0.537161506	0.507454703	0.458262541	0.5654541	0.496495402	0.492414747	0.504563439	0.484109081	0.519749925	0.546251262	0.538397247	0.518019472	0.505596942	0.464501191	0.552435888	0.515922692	0.569660034	0.494037109	0.524688137	0.500657701	0.520681745	0.480891549	0.528398826	0.506549854	0.531323792	0.53758451	0.511667851	0.504011636	0.563470407	0.529655324	0.52894246	0.50877388	0.51137538	0.526431704	0.49158814	0.499540645	0.569550339	0.532822706	0.502176655	0.51963787	0.526678132	0.560109217	0.498036683	0.491445083	0.549696127	0.547153737	0.54882526	0.507476704	0.520342669
RGB.RGBI.BS.3	0.468136098	0.511662028	0.527882003	0.532722488	0.511723701	0.49268645	0.532202542	0.499961721	0.517217485	0.503642734	0.487742394	0.519807238	0.516724225	0.521714968	0.512119598	0.522649191	0.504435516	0.507095356	0.49903377	0.532147978	0.501533961	0.510832108	0.513697784	0.51970688	0.494564422	0.506595854	0.529850462	0.525624002	0.53692792	0.506229074	0.508547361	0.546269921	0.528736575	0.503216921	0.49854994	0.516286707	0.519729207	0.497636105	0.494158431	0.540618012	0.518044807	0.506988879	0.538269551	0.535084281	0.542885788	0.547819495	0.511146809	0.513192343	0.525575868	0.525364158	0.514654139	0.520996734
RGB.RGBVI.BS.3	0.626364931	0.438307873	0.413673145	0.360978375	0.472666781	0.525686803	0.363734799	0.463282217	0.458967722	0.454536689	0.490798642	0.434364995	0.405424363	0.397653278	0.420013313	0.416786281	0.492688729	0.429285357	0.487406337	0.352373144	0.48312611	0.434043884	0.455677849	0.396868851	0.476361032	0.414228675	0.399752385	0.403123031	0.377147766	0.446893089	0.469119177	0.318405403	0.40166349	0.465659835	0.457961735	0.406813627	0.398144819	0.504790082	0.471549928	0.390937892	0.407257788	0.445126325	0.396825397	0.396964056	0.3434315	0.358473453	0.455977693	0.386254168	0.329451346	0.379854199	0.399807536	0.38237191
RGB.NDI.BS.3	0.839793282	0.454345861	0.232536479	0.253058104	0.444351813	0.52951573	0.285554811	0.499761564	0.381436158	0.462709758	0.603383998	0.38829477	0.397283897	0.393587361	0.423661223	0.375399061	0.460007305	0.451947395	0.507120444	0.271061399	0.472369053	0.457684414	0.430503731	0.328980272	0.554770318	0.446766169	0.274547648	0.317886725	0.310118945	0.448182198	0.462253914	0.187275986	0.363883993	0.474667197	0.510377148	0.380271449	0.368479467	0.501378676	0.536689622	0.299607073	0.411333659	0.435847684	0.310390912	0.287748145	0.297219559	0.240740741	0.430478538	0.379568604	0.22562478	0.339485691	0.385074627	0.369942197
RGB.CIVE.BS.3	-1.945540438	0.167035042	6.036663509	1.261150193	0.376640586	0.532447099	1.002820373	0.663231059	10.37378197	0.603085771	0.634060292	1.567249645	1.127559884	-8.74015327	1.795396455	2.578762973	-1.173704415	0.853150577	0.505128885	0.824546653	0.514803716	0.233666836	-0.463459778	0.863630229	0.639982152	1.092360107	1.874514069	-1.485204495	-0.562064451	-6.890537472	0.209346593	2.761270367	-0.012251962	0.716555371	2.285635427	1.803746488	4.474571068	1.348988591	0.704898393	-1.066778403	-0.470787585	0.810840543	-0.348777326	-1.270184735	-0.170500595	-1.923479553	-0.032535093	0.802548299	1.314941079	2.566211928	-21.17579399	-1.314047387
RGB.ExG.BS.3	0.595040701	0.420779754	0.425968425	0.372744493	0.482464768	0.495282193	0.386774925	0.450055857	0.450012855	0.459048261	0.467457141	0.435541473	0.414584452	0.41648068	0.417996662	0.408435345	0.485486496	0.427592085	0.498511547	0.397652313	0.490473042	0.436342529	0.462708212	0.412902462	0.452014961	0.425681261	0.400458224	0.41750766	0.391767562	0.459487967	0.463789305	0.347300226	0.403814746	0.492585189	0.448574918	0.402600313	0.404440369	0.508804216	0.470236594	0.442915669	0.413017489	0.453929196	0.402855763	0.414729664	0.355192966	0.34141139	0.436372748	0.405748624	0.345113075	0.405106876	0.39768404	0.376812916
RGB.ExR.BS.3	0.314632916	0.617253105	0.63129206	0.68098616	0.61015669	0.405188003	0.712593794	0.482121476	0.589384545	0.503567882	0.404501139	0.626650753	0.619921597	0.658692732	0.553011876	0.640085094	0.469286701	0.586611031	0.504227136	0.715777938	0.491808426	0.606261039	0.582498936	0.584893216	0.440490769	0.524504774	0.632018214	0.641919972	0.777970173	0.510424747	0.57175896	0.774392253	0.733157333	0.525851488	0.483552654	0.566941614	0.6069315	0.453934088	0.441460287	0.830231296	0.639655018	0.503499573	0.790538294	0.722240236	0.848260107	0.814739625	0.555106691	0.585685979	0.615261868	0.662901826	0.548193577	0.612352493
RGB.ExG_ExR.BS.3	2.042241787	0.383791671	-0.067821514	-0.234059202	0.448091952	0.558253167	-0.374374736	0.375383968	0.288977483	0.223734017	0.656118031	0.218605902	0.128258005	0.306292484	0.261114122	0.2229501	0.498918609	-0.007703181	0.48745058	-0.427079852	0.499011089	0.411911838	0.40802712	-0.095543762	0.506056962	0.295146983	0.056229965	0.151511551	0.178470913	0.408633749	0.423778732	-0.1962408	0.278958906	0.463802021	0.408571806	0.169623724	0.196305622	0.535387301	0.514903833	0.245892018	0.276958795	0.360981706	0.204028077	0.132027097	0.164960645	0.0525774	0.34206737	-0.568900527	-1.014846041	0.168744948	0.18477334	0.173096123
RGB.BGI.BS.3	0.475106155	0.528241411	0.511431586	0.527107365	0.504625435	0.493590166	0.525194257	0.513056392	0.501643108	0.512169245	0.515571608	0.5110493	0.52673738	0.534143505	0.525169195	0.515912167	0.496681266	0.523602145	0.505819347	0.5239413	0.503208432	0.5354537	0.508980686	0.521310182	0.514222615	0.534153418	0.517619004	0.522794015	0.529152207	0.519327809	0.509907964	0.540629842	0.532868672	0.512794453	0.520922327	0.525922256	0.530133493	0.49833851	0.517389002	0.524796179	0.529569054	0.515638189	0.51772465	0.515113721	0.558853506	0.524021312	0.511046029	0.529182379	0.542757417	0.534882115	0.531120808	0.536787777
RGB.B1.FS.1	0.422594447	0.487658831	0.521744458	0.535738911	0.516230013	0.455640904	0.56469505	0.490553916	0.520530111	0.49592732	0.464982931	0.537874707	0.56060408	0.533137122	0.504315847	0.498116952	0.479324111	0.541039718	0.505173195	0.574648479	0.48499581	0.494209965	0.513608615	0.528886912	0.462652237	0.510428422	0.52790579	0.533148829	0.533795854	0.514693814	0.519609854	0.554624683	0.522695757	0.502987292	0.48652817	0.495430702	0.518372299	0.500816184	0.471764321	0.592347459	0.51142923	0.493657275	0.543388912	0.528607281	0.545656999	0.503018699	0.485864857	0.533846383	0.535877143	0.543030091	0.479264677	0.494529344
RGB.B3.FS.1	0.437712243	0.516728977	0.522273314	0.543460974	0.528956157	0.469737592	0.577163098	0.514204929	0.519185851	0.513086487	0.509794526	0.549433838	0.585451638	0.572875259	0.536176701	0.520034337	0.498348387	0.583609751	0.525920978	0.576724145	0.493848277	0.538608516	0.526906255	0.541601384	0.509151355	0.539234763	0.535389275	0.547772166	0.550662698	0.546412691	0.538098209	0.574469748	0.552158947	0.519325676	0.525525908	0.519470941	0.548608324	0.513516215	0.512771579	0.590500639	0.540904542	0.526894123	0.545320416	0.539247226	0.597930076	0.508563069	0.510485361	0.57444119	0.588037777	0.560772569	0.515039055	0.52157519
RGB.RGBI.FS.1	0.472827129	0.516027262	0.526833471	0.532151908	0.515493126	0.49964358	0.52871459	0.505644968	0.526001373	0.510245071	0.489794811	0.52300725	0.523114084	0.521371554	0.50607439	0.517235379	0.504938365	0.506278372	0.501969839	0.530168858	0.505318511	0.509243083	0.517550672	0.526930577	0.490068199	0.510006277	0.535245547	0.525539609	0.534719788	0.509150887	0.520749079	0.541290092	0.527967127	0.500784179	0.493701559	0.516306346	0.518562387	0.505262539	0.495935559	0.548834671	0.512162606	0.506302107	0.5423834	0.526427931	0.537783252	0.53667597	0.509131072	0.509782648	0.517311037	0.528243197	0.508333785	0.519626409
RGB.RGBVI.FS.1	0.585894973	0.399560987	0.381999547	0.331822963	0.427015381	0.473684211	0.332726822	0.401632177	0.383506483	0.39203645	0.437781379	0.376641987	0.348166743	0.344660521	0.405117771	0.384083554	0.442359066	0.36252442	0.433064898	0.331570997	0.43359598	0.403593642	0.403661359	0.337567906	0.423262216	0.401159912	0.336701337	0.381324717	0.347584962	0.395253141	0.398227384	0.28896292	0.352792192	0.465848642	0.441732528	0.376409234	0.357938205	0.451073631	0.417840774	0.337822192	0.38935756	0.384507413	0.343625822	0.358921792	0.296072334	0.348036873	0.41116568	0.339902368	0.273013871	0.355573804	0.369990986	0.351960936
RGB.CIVE.FS.1	0.079110755	-0.74950207	1.46784081	1.075340635	-1.133409874	1.301352712	0.96275389	0.722945774	1.327832166	0.69636403	0.679622834	1.086217051	1.000908465	1.16920132	0.84724932	1.612233145	0.912250271	0.844652854	0.607838609	0.75848022	0.579762276	-1.066948497	1.16181292	0.91266587	0.635131627	0.851538379	1.137544966	15.98255444	-3.093304264	1.057661023	-3.64055876	1.749996883	-2.90891138	0.621368001	0.827883545	1.197812609	1.203386065	0.908791455	0.728957318	2.12799654	2.604132068	0.737944568	-2.546555979	1.812805884	-1.185510022	-16.64756722	-4.046951768	0.741881753	0.969495609	1.196695444	1.059476857	1.568172306
RGB.ExG.FS.1	0.555681721	0.384302268	0.390217917	0.336260706	0.439186776	0.441071763	0.357716459	0.396842898	0.382190375	0.392403076	0.430178749	0.386710427	0.372096729	0.376824328	0.411348607	0.374175539	0.44845424	0.369937424	0.443169743	0.368695671	0.437126747	0.409195551	0.418457909	0.357744302	0.414246014	0.416550846	0.345517452	0.404717687	0.351755462	0.420262079	0.405489653	0.318765445	0.36169959	0.484815017	0.4438201	0.368629661	0.373170469	0.452577086	0.417649182	0.386860704	0.381049691	0.40408027	0.348610979	0.374827867	0.317810609	0.327888383	0.393983266	0.386237222	0.31150444	0.385373235	0.368226494	0.345629711
RGB.ExG_ExR.FS.1	-11.09978585	0.29182836	-0.65200017	-0.912834326	0.350579023	0.435118336	-0.648619717	-0.257939976	-0.176474306	2.253888045	0.450321064	-0.308917916	-0.436757473	0.161717257	0.081996158	0.159699614	0.401633162	-1.887139011	0.012177622	-4.541459651	0.609310663	0.352759374	0.250410553	-0.913356559	0.620998055	0.172643071	-0.809680544	0.098909832	0.062854075	0.186745813	0.273551374	-0.364269251	0.107989356	0.473803882	0.396799958	-0.095858407	-0.0586019	0.382416738	0.299922863	0.020676349	0.141338315	-2.172599317	0.005450582	-0.172867175	0.030730417	0.064157414	0.227819295	-6.561351816	3.820624882	0.056278114	-0.333560816	-0.194738875
RGB.BGI.FS.1	0.488200019	0.545022426	0.52668756	0.540278034	0.528298641	0.512837393	0.541687743	0.528832899	0.524448488	0.527075094	0.533745607	0.531599439	0.547837575	0.560032532	0.535552125	0.538271325	0.52261125	0.550512183	0.522386447	0.531527646	0.513825585	0.550836996	0.530179899	0.539611864	0.536642868	0.538981982	0.541037109	0.539504395	0.550117953	0.54021012	0.539318193	0.560964737	0.557111072	0.51545259	0.532464823	0.540331259	0.548764322	0.517450683	0.537017167	0.547063796	0.541952446	0.537733499	0.544016159	0.537781777	0.591114285	0.542347353	0.534017404	0.550211475	0.569093645	0.546348315	0.545406279	0.546959011
RGB.BRI.FS.1	0.514461524	0.528850989	0.498786327	0.509268806	0.512523809	0.511442806	0.51218048	0.522533705	0.498202761	0.516408501	0.543148141	0.507529	0.524754744	0.537366268	0.527195895	0.521846838	0.516173537	0.544337585	0.520393922	0.501	0.508268903	0.539450023	0.512124883	0.513298523	0.546591316	0.529076522	0.504164254	0.51335403	0.514723787	0.530115155	0.519482899	0.519646919	0.528637906	0.512520292	0.538461538	0.524213024	0.53019303	0.511095543	0.541046509	0.498437932	0.529914361	0.529480885	0.501210403	0.512790961	0.554595564	0.505711421	0.524211941	0.539827695	0.551406328	0.518332674	0.538040574	0.527475085
RGB.VARI.FS.1	1.031346578	0.439282627	0.154716981	0.17137005	0.426246537	0.500278629	0.289954695	0.459727154	0.265437963	0.328293737	0.638054363	0.312683855	0.310246136	0.398563953	0.454253883	0.410465739	0.458063445	0.466299279	0.493601846	0.194571073	0.314521679	0.473733879	0.396675532	0.247587764	0.715621348	0.42045929	0.071262587	0.299807927	0.294940797	0.432322485	0.405623902	0.178608696	0.323734465	0.491644679	0.578741696	0.357142857	0.344245832	0.47303862	0.56314741	0.207138047	0.441679201	0.41475277	0.23524545	0.293960924	0.305991538	0.295418056	0.446191798	0.40412767	0.191241462	0.311508242	0.422356973	0.31982851
RGB.B1.FS.2	0.468361948	0.555272819	0.577737636	0.580560661	0.577404111	0.518243508	0.581177356	0.574802725	0.589866993	0.533422406	0.55329972	0.605025155	0.583009393	0.600865559	0.56020967	0.544772311	0.518082307	0.565125068	0.529727085	0.604966807	0.525365361	0.553876909	0.562110941	0.577391122	0.542466834	0.567221822	0.583864396	0.555436746	0.588377906	0.546196447	0.589021974	0.638924865	0.58222433	0.548992255	0.560221221	0.561140213	0.592540493	0.553489374	0.545921192	0.643738924	0.557056796	0.555348495	0.609103485	0.603640369	0.58609818	0.563335851	0.529520286	0.582342159	0.603402389	0.599421473	0.525180768	0.57360993
RGB.B2.FS.2	0.444748644	0.509713137	0.54106873	0.540257248	0.534697907	0.485330993	0.551439524	0.537360929	0.546002028	0.503302155	0.513474015	0.564568096	0.543433755	0.555479183	0.526934516	0.510422129	0.486556699	0.535120337	0.502830183	0.569936463	0.497180416	0.511454651	0.519594985	0.538285112	0.501548681	0.528731411	0.534275088	0.523302506	0.546383686	0.514287579	0.538764874	0.580742971	0.5344918	0.508247542	0.518341535	0.512339811	0.541173348	0.532387275	0.511411742	0.596723697	0.527526044	0.515578215	0.557233226	0.570363053	0.538001017	0.515111067	0.497781947	0.545565183	0.554552272	0.557331695	0.491632777	0.52597014
RGB.B3.FS.2	0.434199874	0.536301821	0.548677429	0.553225188	0.538238524	0.496114341	0.571354749	0.552798672	0.556892515	0.50460022	0.524102441	0.577482758	0.558452834	0.568138824	0.541946141	0.52630745	0.489668928	0.54367962	0.498113684	0.593163749	0.495154481	0.527617593	0.529846819	0.546987871	0.510516554	0.547213867	0.538241665	0.540251772	0.569642942	0.527111423	0.552253018	0.611108851	0.555196805	0.514741285	0.534641426	0.533408633	0.56158493	0.532589547	0.522220145	0.625945288	0.54962863	0.526212592	0.577937421	0.588375408	0.57425528	0.537959587	0.513469506	0.568732792	0.588006893	0.566905324	0.499144525	0.543775909
RGB.RGBI.FS.2	0.524830368	0.545905584	0.539733687	0.540544819	0.546137856	0.534282944	0.531842544	0.538569106	0.544819426	0.531039043	0.540491795	0.542244599	0.54144493	0.546465787	0.537710573	0.534770854	0.535022914	0.53241688	0.527223259	0.536712233	0.528886223	0.545577324	0.545897604	0.543346952	0.542433832	0.539393375	0.552208581	0.534920714	0.543649233	0.533861496	0.550811045	0.562455742	0.548173031	0.542641702	0.542158654	0.548680232	0.55289179	0.522953927	0.537619338	0.550824422	0.529574799	0.541230979	0.553550844	0.534889056	0.548536338	0.548826698	0.532882718	0.539082149	0.550923011	0.544672696	0.53467026	0.548380438
RGB.CIVE.FS.2	0.59211614	0.759459828	0.655546784	0.641943384	0.67113324	0.669465705	0.647657334	0.658214281	0.695526048	0.610760599	0.692423326	0.682467431	0.686425554	0.66762902	0.674611399	0.674179082	0.650679715	0.634754694	0.57996858	0.649135021	0.6064718	0.738206227	0.691363574	0.656562677	0.690898148	0.657807242	0.688888443	0.695553731	0.734457907	0.666440264	0.739990156	0.78211303	0.756864223	0.67989415	0.760744845	0.800692827	0.766447964	0.563110509	0.661865529	0.671944453	0.680195445	0.692732408	0.748434107	0.65094708	0.828829173	0.777688925	0.720671826	0.695770939	0.851059559	0.634588974	0.657966276	0.713719118
RGB.BGI.FS.2	0.491516135	0.526086549	0.512439924	0.512163543	0.505859512	0.51510223	0.521833433	0.515894083	0.511162083	0.501335788	0.511210563	0.511998201	0.513693875	0.512513452	0.518002687	0.515273036	0.506687312	0.506203192	0.494770613	0.52369137	0.498908754	0.518132725	0.511847695	0.510527275	0.510788941	0.519230304	0.505553138	0.517850423	0.522752756	0.515486519	0.513596377	0.532724329	0.519022256	0.508998132	0.517169882	0.520897068	0.520826508	0.50120792	0.512604274	0.531057237	0.520633279	0.512409965	0.520433169	0.518762655	0.536011599	0.523174733	0.516188025	0.524449932	0.534666948	0.511021401	0.508932432	0.518361518
RGB.BRI.FS.2	0.466855257	0.479933463	0.472964399	0.471528852	0.459516616	0.481251824	0.490011831	0.477150538	0.466275183	0.470579686	0.470712353	0.469963544	0.472083277	0.465759774	0.480147533	0.480416228	0.471580918	0.474375946	0.46763656	0.486968231	0.469967861	0.472306335	0.46513438	0.466674503	0.468549572	0.479978257	0.453362308	0.4820171	0.479081428	0.481781763	0.462575166	0.470020195	0.470461561	0.466614483	0.475170076	0.472102902	0.467707276	0.47740659	0.474536132	0.479907453	0.491026323	0.471244244	0.466803828	0.483997626	0.487442469	0.474262335	0.483082834	0.485070776	0.483577243	0.466535575	0.474473973	0.469970432
RGB.B2.FS.3	0.504431254	0.517963659	0.563912604	0.563727084	0.554084296	0.517803143	0.565427874	0.55163272	0.55704106	0.553614667	0.53847599	0.565740739	0.567148776	0.564151611	0.546865878	0.512041153	0.553275555	0.574334315	0.565128922	0.573860444	0.513132694	0.537819211	0.542883442	0.548702727	0.56628065	0.54747865	0.557193239	0.5436437	0.573723221	0.551680795	0.565091105	0.581893532	0.532939196	0.548825067	0.54992786	0.552233005	0.563143286	0.536593251	0.542051468	0.606412186	0.542973655	0.560317089	0.567929137	0.571213388	0.543097298	0.531222079	0.526596065	0.571745693	0.564489762	0.586680812	0.519280793	0.53653944
RGB.B3.FS.3	0.506448103	0.541734213	0.589114173	0.584190505	0.581464222	0.536612801	0.597269661	0.583938652	0.578262336	0.57322154	0.56950275	0.594842041	0.598437956	0.597809463	0.573863469	0.534793059	0.577523986	0.607315433	0.58291135	0.601836717	0.523259352	0.571688239	0.563343049	0.584516782	0.600841596	0.568696526	0.582856682	0.566366312	0.610692161	0.580018834	0.58770555	0.614574799	0.568182265	0.580735797	0.585501947	0.596661357	0.599902959	0.555371223	0.573585925	0.644247236	0.572665748	0.584990847	0.592830558	0.595375485	0.569924296	0.564760652	0.544428908	0.608389401	0.608858196	0.608307051	0.537023938	0.566480934
RGB.BRI.FS.3	0.486009103	0.48272683	0.499738329	0.474336606	0.475064792	0.497190708	0.517302779	0.501399658	0.481338514	0.489658603	0.474325949	0.481476097	0.478519286	0.486226598	0.482898466	0.495659835	0.486067479	0.496092649	0.485368113	0.494507377	0.482835971	0.472183752	0.46857549	0.493023496	0.480164399	0.485961538	0.459167355	0.493435107	0.489176598	0.491075647	0.471315299	0.473301909	0.48914905	0.48553155	0.470406316	0.48424434	0.47965939	0.487233184	0.490022282	0.491303184	0.510822083	0.479773108	0.472812224	0.489100987	0.488843352	0.490888155	0.48038176	0.488425038	0.488380782	0.473942944	0.479482759	0.474676656
RGB.B1.GS.1	0.499833388	0.54725003	0.557688225	0.578617564	0.587273013	0.532561553	0.552759421	0.571107524	0.587871287	0.551284274	0.551815641	0.591262273	0.588047589	0.585136358	0.583151052	0.566839433	0.54804868	0.582015998	0.562806032	0.598653013	0.528983404	0.573059166	0.564909762	0.558758884	0.57757535	0.572241537	0.591579069	0.544928133	0.600008002	0.563313597	0.580146573	0.617022477	0.54770488	0.576091355	0.566998	0.572965675	0.576616964	0.568296163	0.557123248	0.602179469	0.545527733	0.55723348	0.596975456	0.583507462	0.558748319	0.569004497	0.558090102	0.560944617	0.570375351	0.604244171	0.524136348	0.578756437
RGB.B2.GS.1	0.483390534	0.510288474	0.528110488	0.538544717	0.537848378	0.502159661	0.535170415	0.538571588	0.551263648	0.522553521	0.511713684	0.546568382	0.543260581	0.541271899	0.53677999	0.536667611	0.507773328	0.548116152	0.527976257	0.570899416	0.502346122	0.52464676	0.519356027	0.522093576	0.535466144	0.537041669	0.532646889	0.518394438	0.560688278	0.523338489	0.535471603	0.560994087	0.518824313	0.527390637	0.518620329	0.525042135	0.526164073	0.54282638	0.524180787	0.557589428	0.52966199	0.518182387	0.548166883	0.553202914	0.540547372	0.530936542	0.526753334	0.525084005	0.531780534	0.557877111	0.501489723	0.541573722
RGB.B3.GS.1	0.476183728	0.527461841	0.546272089	0.555551062	0.562541785	0.505561206	0.559740493	0.558445984	0.570615115	0.542999433	0.526070713	0.568325055	0.568048404	0.567393649	0.560409029	0.562494245	0.524308307	0.579473815	0.543575478	0.59900925	0.511757044	0.560114221	0.533333222	0.548740784	0.556862703	0.55833	0.551325593	0.533248576	0.589688918	0.550072367	0.55738754	0.599948878	0.542948328	0.562398293	0.547584415	0.550740163	0.550576701	0.558212073	0.530636966	0.588948039	0.554383482	0.538339692	0.574157742	0.580117921	0.561776105	0.557313434	0.539523907	0.545672746	0.56553611	0.586215835	0.511353924	0.571196928
RGB.CIVE.GS.1	0.564382022	0.693484742	0.646729358	0.672581145	0.765354645	0.616741253	0.619190302	0.670166142	0.686407266	0.64582182	0.704151903	0.75201407	0.753236494	0.730082068	0.774976278	0.671112133	0.71751073	0.710951885	0.658822227	0.652525983	0.625965294	0.84839333	0.715911159	0.726226485	0.701269379	0.678922326	0.766082187	0.657089916	0.720637874	0.751246697	0.733310938	0.82473874	0.680134314	0.795450044	0.810385026	0.835952324	0.831931971	0.624375677	0.662034778	0.743151257	0.650199181	0.711508057	0.748620742	0.679631365	0.627276894	0.734339102	0.662641482	0.703033028	0.782052967	0.717658967	0.610135796	0.758202892
RGB.BGI.GS.1	0.494352718	0.516319317	0.519049498	0.516915637	0.525663594	0.504850815	0.524232545	0.520372981	0.519623656	0.520684799	0.514287578	0.521581381	0.524429533	0.526768749	0.524076399	0.526127946	0.518345413	0.530884098	0.515392966	0.52873807	0.509918748	0.536475791	0.515092957	0.528755869	0.52159146	0.522963927	0.518738832	0.516056591	0.529533819	0.526722309	0.52218492	0.539858798	0.524602693	0.535635378	0.528899392	0.525833681	0.524682208	0.51661531	0.507092199	0.53153663	0.524147088	0.52011236	0.525908023	0.527824434	0.52135684	0.526685234	0.512734659	0.520975106	0.534068699	0.529198486	0.510569071	0.529759612
RGB.BRI.GS.1	0.477577679	0.478882615	0.489307586	0.476047017	0.475217641	0.47462702	0.50674045	0.486426346	0.482033155	0.491719587	0.47409785	0.475568142	0.47838065	0.481355281	0.476020291	0.495127622	0.477045035	0.495961149	0.480156195	0.499749248	0.482220461	0.486079961	0.465976683	0.488833502	0.478408598	0.484704196	0.458432304	0.487863379	0.48826394	0.486539838	0.476905597	0.480830982	0.494031332	0.486567017	0.479454667	0.477353346	0.472915696	0.487961745	0.472088135	0.483824423	0.508238749	0.480933775	0.475999523	0.496187062	0.502399614	0.488043453	0.481080825	0.484845725	0.495069606	0.480570975	0.487827	0.491509277
MS.B1.FS.2	0.486000237	0.594426125	0.585991685	0.637594903	0.602268731	0.564123357	0.626808955	0.587940335	0.595747165	0.555076401	0.593547641	0.633797565	0.614050214	0.605212462	0.59296025	0.601358248	0.521330318	0.57474558	0.547050703	0.638379469	0.523172587	0.578027786	0.565803588	0.596089165	0.551840319	0.583075265	0.619506325	0.578681555	0.645333842	0.607172571	0.631605628	0.654729583	0.628400647	0.536019296	0.594154122	0.61187445	0.624333889	0.542623672	0.566344966	0.657849871	0.583578134	0.584660561	0.643704688	0.617352163	0.620195648	0.591522878	0.5477797	0.60444276	0.631476421	0.619165099	0.556258062	0.646416308
MS.B4.FS.2	0.495193807	0.516330136	0.555690611	0.561588156	0.548366882	0.525269887	0.549779463	0.543905495	0.558222733	0.52950162	0.533531426	0.572076955	0.552353486	0.555066576	0.545885413	0.559365375	0.506185451	0.543963462	0.520942825	0.565119217	0.517902396	0.507367114	0.530201716	0.553889885	0.520135216	0.545918651	0.563732729	0.526644857	0.556899348	0.554964993	0.570659673	0.568898984	0.528537421	0.520233204	0.530027808	0.541156556	0.54389385	0.531740699	0.528648995	0.57930328	0.533336132	0.537141295	0.557660128	0.568899008	0.520821483	0.523233852	0.51273727	0.540419417	0.54973705	0.586151221	0.50891733	0.565442985
MS.B5.FS.2	0.464097646	0.434838125	0.466584637	0.447904217	0.442575307	0.447277182	0.457967922	0.463697742	0.452892634	0.455521833	0.459534546	0.472742814	0.457658291	0.454470683	0.459432614	0.470445191	0.448035586	0.470930568	0.448226255	0.455144912	0.459658566	0.44098156	0.446189562	0.467652366	0.45685623	0.470725598	0.449782354	0.453293755	0.445055154	0.460785591	0.448685229	0.432963819	0.439346113	0.449466434	0.456678716	0.455321573	0.450592345	0.464105044	0.456467811	0.454070627	0.467368519	0.450792051	0.434539227	0.474865777	0.454142055	0.441382709	0.46299394	0.45710225	0.457785028	0.478950682	0.456224271	0.457038437
MS.RGBVI.FS.2	0.433674147	0.354601227	0.33258942	0.308333806	0.381522193	0.380286152	0.339317983	0.380432772	0.359678849	0.395667551	0.326970275	0.355630908	0.372309014	0.365176957	0.363237683	0.408366235	0.404660322	0.373136866	0.38416442	0.325734446	0.37829061	0.362614826	0.389333874	0.375172341	0.380854492	0.35366612	0.316152331	0.382058809	0.326670631	0.358159038	0.372298845	0.292277914	0.318702634	0.377362377	0.345518371	0.330096625	0.334695564	0.424965677	0.376676812	0.320671018	0.394302849	0.350308642	0.321653487	0.380589293	0.320419325	0.323175149	0.387799668	0.335736602	0.31794264	0.409787418	0.341548338	0.262434378
MS.NDI.FS.2	0.503508186	0.448499455	0.474976393	0.452298352	0.471942029	0.4669967	0.445562553	0.470457079	0.485364815	0.490144964	0.457624968	0.463642014	0.472737458	0.475293542	0.467778424	0.483536585	0.473120289	0.480816832	0.482538783	0.459803922	0.491599462	0.446112017	0.47558309	0.476370397	0.47474872	0.4658403	0.467516843	0.460174913	0.438893546	0.463195797	0.474392312	0.44216571	0.433480472	0.476681481	0.452701561	0.448616027	0.447710031	0.490896359	0.475886706	0.44903421	0.459598463	0.464307579	0.449048675	0.476802195	0.431658746	0.435836819	0.465375935	0.449092607	0.439899738	0.503107464	0.451200098	0.433631007
MS.CIVE.FS.2	0.418613286	0.397333879	0.380211228	0.357237103	0.455267615	0.423025681	0.396444427	0.42969481	0.417186187	0.415617738	0.361160412	0.438891932	0.441598012	0.424938968	0.43594411	0.485706717	0.430151869	0.403330571	0.393248711	0.39769827	0.370746851	0.394817633	0.43854704	0.443726586	0.396155784	0.373647797	0.368980067	0.428705584	0.406461176	0.425148299	0.468123091	0.370216208	0.36912787	0.391755645	0.383651473	0.379371337	0.402364837	0.461126304	0.408602719	0.416141363	0.448401096	0.385890593	0.402939454	0.470038291	0.369742384	0.357319346	0.407550446	0.384076945	0.385590571	0.515804783	0.35481371	0.301102387
MS.ExG.FS.2	0.417489116	0.398765636	0.377116101	0.358113588	0.453538438	0.423269504	0.398877963	0.43094258	0.414098694	0.414031227	0.362375501	0.437450493	0.440018547	0.423337865	0.435375801	0.483272769	0.430802929	0.402263886	0.39549028	0.399198064	0.370153684	0.396317198	0.438001479	0.441219956	0.396592608	0.373003789	0.36645013	0.429270599	0.406046543	0.424037549	0.464651137	0.368841204	0.3704972	0.391312573	0.383462145	0.379593088	0.401877799	0.460412247	0.408707106	0.414273416	0.449324631	0.385572748	0.40220874	0.46714211	0.371518503	0.361142797	0.408815691	0.386978827	0.385329354	0.508873859	0.357352752	0.302724826
MS.ARI.FS.2	0.5	0.36	0.368421053	0.333333333	0.36	0.409090909	0.315789474	0.388888889	0.409090909	0.428571429	0.368421053	0.35	0.380952381	0.391304348	0.363636364	0.35	0.4	0.380952381	0.444444444	0.315789474	0.470588235	0.346153846	0.363636364	0.391304348	0.428571429	0.384615385	0.347826087	0.363636364	0.291666667	0.375	0.346153846	0.32	0.32	0.428571429	0.363636364	0.347826087	0.346153846	0.434782609	0.4	0.310344828	0.380952381	0.380952381	0.32	0.35	0.32	0.36	0.409090909	0.35	0.318181818	0.375	0.4	0.304347826
MS.BGI.FS.2	0.537072845	0.590506902	0.584975557	0.595350052	0.579891547	0.564426128	0.57016196	0.554745044	0.59053194	0.553759054	0.592333484	0.583713623	0.571729766	0.582268444	0.574153245	0.559153034	0.547783198	0.569916143	0.5522022	0.570654187	0.557206538	0.589866003	0.56592576	0.57206828	0.563770501	0.573116096	0.602934242	0.563890076	0.605410072	0.583896104	0.593390438	0.615630647	0.611403083	0.574165288	0.595247105	0.603198724	0.603961725	0.546671396	0.566104782	0.599068441	0.555877	0.578538103	0.611231102	0.567272727	0.607484432	0.612385927	0.568355093	0.570989335	0.607054747	0.563226369	0.578021272	0.6216178
MS.VARI.FS.2	0.567857319	0.544402535	0.6085071	0.585560935	0.563974176	0.548678158	0.531028672	0.539715103	0.607422064	0.581186502	0.575060658	0.563713592	0.563886978	0.582338782	0.557113955	0.555284574	0.535783018	0.582416803	0.55758342	0.559396222	0.590415636	0.538366976	0.55452466	0.575731942	0.564342774	0.588431723	0.618794675	0.534669368	0.557617887	0.567957962	0.584465591	0.594010399	0.554074038	0.579335007	0.568413153	0.569598822	0.568059766	0.547853788	0.564664474	0.57962828	0.519205077	0.573345047	0.57750428	0.568957304	0.54733845	0.54579215	0.539831675	0.536769649	0.565474354	0.599308023	0.553600433	0.597466201
MS.NDVI.FS.2	0.500016023	0.459004654	0.471654431	0.45744194	0.469736364	0.472365898	0.451232877	0.470610352	0.477771363	0.483002115	0.46251048	0.462413233	0.463596323	0.471637277	0.463971828	0.475682743	0.48451488	0.481993463	0.482443422	0.449122369	0.49335935	0.463365431	0.476918655	0.47232376	0.480276367	0.479313796	0.465281746	0.468613139	0.449606055	0.468415799	0.466720173	0.447567258	0.449075216	0.485959869	0.463969552	0.459317434	0.455266453	0.492142	0.475905052	0.453685566	0.470084711	0.469095314	0.452722143	0.468212018	0.447192254	0.46094578	0.478847546	0.456492224	0.451995225	0.479536369	0.469035173	0.450392742
MS.GNDVI.FS.2	0.496217368	0.449106213	0.457667051	0.445185976	0.454953953	0.464536207	0.440368762	0.461911838	0.464003694	0.471708924	0.452793834	0.449168646	0.444676906	0.458350137	0.448038278	0.460638546	0.483381288	0.476976756	0.477403655	0.427627392	0.491059993	0.458867407	0.468377551	0.457462301	0.476379649	0.479552589	0.450131591	0.461744842	0.437281825	0.459028414	0.446636811	0.430135341	0.43882481	0.48577535	0.457549356	0.452020202	0.441639669	0.48944682	0.466844512	0.437563722	0.465488417	0.460628217	0.436249008	0.450459411	0.43632117	0.463425695	0.480320906	0.447786214	0.441431367	0.453842258	0.468334449	0.444233529
MS.MCARI.FS.2	0.499944587	0.497281643	0.548505943	0.541805775	0.538068829	0.514949728	0.524633121	0.529646462	0.55187066	0.525027743	0.515761541	0.555709022	0.5387798	0.544762605	0.533841071	0.551443905	0.500585181	0.534682885	0.512640614	0.544556441	0.517156703	0.489241874	0.521790356	0.545411961	0.510720748	0.534506542	0.551049567	0.51209058	0.533483734	0.541905978	0.560866937	0.547328169	0.503237369	0.514324155	0.512646988	0.520595494	0.524908794	0.529080714	0.519071573	0.560980719	0.517666771	0.523548344	0.538085246	0.55916022	0.495624441	0.499701976	0.50024856	0.518450184	0.527318984	0.586405237	0.492526602	0.539949806
MS.MSAVI.FS.2	0.497630332	0.463135721	0.469226899	0.459815951	0.467341306	0.474292042	0.454440789	0.471397778	0.47341095	0.479123005	0.464923677	0.461687057	0.458501209	0.469500924	0.462012987	0.47098922	0.488944306	0.482331572	0.482987552	0.445707695	0.493707483	0.470553153	0.47703125	0.469283549	0.482636085	0.485300838	0.463634948	0.472082019	0.453449643	0.470256731	0.460997247	0.448689612	0.455218245	0.490274875	0.468759861	0.464216634	0.457328386	0.49270817	0.475676546	0.45468463	0.474959612	0.471113275	0.45328456	0.463391137	0.453367876	0.473144986	0.485453964	0.460927152	0.456852792	0.46637335	0.477199224	0.458793811
MS.MSR.FS.2	0.497966154	0.427731824	0.450964688	0.427921777	0.446082205	0.451148358	0.423842754	0.453489948	0.462625354	0.471518679	0.438285395	0.440062188	0.441197356	0.45156708	0.438909421	0.458561184	0.466749132	0.471444522	0.472545249	0.420614931	0.486933455	0.433223886	0.459529992	0.450869807	0.465815362	0.462397847	0.440420184	0.445108829	0.414390222	0.444756181	0.441334033	0.409703711	0.411150571	0.473125987	0.437953437	0.432423916	0.421760932	0.485352539	0.459132344	0.418527586	0.44785611	0.4474864	0.418362307	0.447059304	0.408149932	0.433289283	0.463461462	0.430213896	0.417744399	0.463677706	0.44404249	0.417475728
MS.OSAVI.FS.2	0.50004144	0.459019896	0.471638655	0.457419005	0.469751747	0.472344689	0.451238715	0.470585058	0.477775012	0.482995993	0.46251936	0.462400367	0.463594893	0.471635916	0.463997509	0.47569314	0.48453877	0.481981283	0.482459716	0.449141134	0.493352868	0.463363168	0.476918502	0.472327123	0.480298325	0.479314477	0.465303609	0.468622757	0.449605609	0.468420406	0.466717565	0.447553483	0.449058654	0.485956041	0.463967139	0.459338362	0.455258612	0.492141181	0.475924831	0.453681366	0.470098565	0.469079517	0.45270433	0.468204267	0.447163197	0.460936343	0.478843706	0.456467959	0.452001764	0.479568559	0.469039617	0.450413533
MS.RVI.FS.2	0.496667339	0.4218819	0.449642913	0.424836685	0.441482155	0.448133937	0.426520162	0.455544581	0.461497792	0.471021675	0.438123794	0.440959384	0.441408533	0.449299703	0.437312838	0.456913712	0.461117513	0.471844117	0.474074377	0.424669385	0.485768722	0.425630125	0.456949572	0.447419254	0.464312295	0.458647978	0.437367066	0.441337503	0.410099767	0.441113196	0.43650504	0.40488188	0.404085977	0.470304477	0.434465968	0.43082562	0.41599814	0.483897437	0.45804575	0.412299807	0.445245782	0.44587359	0.413205547	0.446053452	0.401458979	0.430154626	0.461715775	0.431962618	0.413449617	0.461129005	0.440184595	0.415511313
MS.DVI.FS.2	0.499566683	0.490559672	0.542466683	0.533313672	0.529562969	0.510381701	0.516235852	0.524233649	0.544273226	0.519337473	0.509165947	0.547315612	0.527744103	0.536715636	0.525747615	0.543502035	0.499833774	0.531099464	0.509274042	0.531874444	0.515513859	0.485370597	0.516962588	0.53783926	0.507823678	0.533339464	0.542995926	0.507419385	0.524961811	0.535973283	0.549888623	0.536522778	0.495453448	0.514237874	0.507422338	0.514581298	0.516197146	0.527588514	0.513544221	0.551370884	0.513576811	0.51839493	0.527403614	0.549626626	0.487214095	0.498319488	0.499659726	0.51207736	0.51990416	0.573933151	0.490346639	0.534270203
MS.B1.FS.3	0.577043729	0.609769201	0.649432591	0.640028258	0.628244538	0.588572136	0.654724576	0.633933413	0.594321448	0.605170619	0.621822713	0.642891392	0.695504335	0.651428215	0.652170292	0.599918055	0.642526332	0.659265248	0.653390014	0.674416527	0.559978011	0.65964976	0.614688641	0.610646383	0.600784274	0.62521655	0.67669722	0.654233869	0.667593802	0.645288299	0.644069801	0.639866161	0.666188739	0.66872874	0.65139748	0.65956453	0.6630117	0.571483086	0.606128352	0.683391658	0.628977735	0.655090925	0.663311552	0.629087239	0.660112472	0.605899075	0.579981759	0.666073862	0.701539198	0.67637999	0.59608153	0.647208723
MS.B2.FS.3	0.565554604	0.57166027	0.620262919	0.599816797	0.602462314	0.555444298	0.617031524	0.597479497	0.572794042	0.576617162	0.582598931	0.617069328	0.654866562	0.609807846	0.608521934	0.555823677	0.610463978	0.620750024	0.627695699	0.641896343	0.545119762	0.602613597	0.5803968	0.561177168	0.571816145	0.585842635	0.639426483	0.622162922	0.624224346	0.604585945	0.613105124	0.594726612	0.614858368	0.632223905	0.591244159	0.603153324	0.620142428	0.551862471	0.57608024	0.650925016	0.59104245	0.621005314	0.621006641	0.60643934	0.607813565	0.559363117	0.541143306	0.625514414	0.635488804	0.642931298	0.567814942	0.612796079
MS.B3.FS.3	0.609087068	0.666820906	0.694371488	0.692673728	0.693730148	0.615924402	0.669485855	0.675999949	0.668823115	0.65902228	0.693759235	0.721530761	0.748695868	0.714753842	0.709438145	0.638476113	0.682839691	0.706753031	0.702856515	0.71482168	0.606276631	0.72115309	0.663284384	0.653241208	0.667555569	0.677513254	0.758947149	0.687203799	0.730022732	0.692517495	0.717395368	0.718762565	0.718877137	0.7347989	0.732882687	0.732952612	0.732597396	0.60816946	0.630773859	0.739988877	0.646933712	0.73585971	0.729353935	0.688346683	0.710547785	0.660897294	0.630294737	0.702581161	0.776929536	0.741262829	0.636128651	0.717997111
MS.B4.FS.3	0.561406007	0.53238081	0.596612011	0.564888585	0.575435809	0.534931615	0.569823042	0.563686347	0.55498921	0.556126058	0.551178225	0.589161947	0.596816616	0.567313781	0.566490876	0.520902598	0.574245716	0.582080054	0.58896409	0.590503524	0.535375289	0.557451108	0.550228274	0.531013435	0.554848035	0.551248514	0.607386336	0.577677937	0.581151355	0.573174836	0.579237963	0.555370548	0.559587026	0.599871306	0.5489902	0.561744809	0.580364961	0.531669093	0.546740431	0.608236015	0.549493728	0.588131719	0.576886376	0.569730781	0.549263212	0.523381209	0.51687259	0.57383101	0.575171246	0.60888615	0.53773339	0.577855428
MS.RGBI.FS.3	0.512034216	0.539248306	0.532502754	0.542490896	0.527454192	0.534753265	0.539435892	0.539233916	0.522573796	0.530935211	0.54219852	0.528318177	0.546003061	0.545032414	0.546742619	0.546901665	0.536397793	0.540900009	0.528175933	0.53603118	0.517682532	0.559638161	0.538315074	0.554660292	0.53134969	0.544363771	0.540335936	0.537056668	0.546813319	0.54304416	0.532363921	0.549486077	0.554741277	0.541420295	0.563650213	0.561011997	0.546482835	0.5225054	0.533400287	0.536806549	0.539958408	0.536749811	0.545197151	0.525487041	0.556623157	0.547868813	0.541143488	0.543357444	0.574178724	0.5391289	0.531739118	0.538318894
MS.NDI.FS.3	0.477679747	0.440115923	0.441187838	0.427866756	0.456806358	0.441185401	0.431853655	0.430978124	0.462593591	0.445563881	0.427998054	0.450651537	0.424015795	0.42855498	0.41946619	0.421392292	0.438025968	0.433663599	0.451459017	0.431865407	0.467837015	0.410592037	0.435431264	0.409347348	0.446023252	0.431838465	0.433600952	0.441909663	0.425830981	0.431729219	0.448704603	0.422918431	0.410419613	0.432972815	0.401240485	0.408794699	0.428136796	0.460282848	0.441473038	0.442505542	0.434505546	0.441956597	0.426518883	0.455398474	0.410633549	0.424204042	0.433169187	0.420275591	0.389159062	0.434910356	0.440817651	0.434028419
MS.CIVE.FS.3	0.42334311	0.351479424	0.210758611	0.259742105	0.363048255	0.322488079	0.394709425	0.334469511	0.300080531	0.241480307	0.275811856	0.330780736	0.347348638	0.297272425	0.320255705	0.294392902	0.380514731	0.329688803	0.37940801	0.341021033	0.278490214	0.311968673	0.307040766	0.20862881	0.280834531	0.283564988	0.206582368	0.439944573	0.310405043	0.352244356	0.287878698	0.201244989	0.321864875	0.30035683	0.205239524	0.27908636	0.342341471	0.368231434	0.393059509	0.369290328	0.444267093	0.288147404	0.304433442	0.320346286	0.317125737	0.314293782	0.308534344	0.336104509	0.241155825	0.266844807	0.323786229	0.275192787
MS.ExG.FS.3	0.423643979	0.354487806	0.21795149	0.268228333	0.362572655	0.328615559	0.398490292	0.339672141	0.301502716	0.24783331	0.281617889	0.331887602	0.349659638	0.302029431	0.326107568	0.301675444	0.38249002	0.332437525	0.380161988	0.348213692	0.283188303	0.315943747	0.312093214	0.219359692	0.286376245	0.287350829	0.211784822	0.439230056	0.312660061	0.354854165	0.289377408	0.205499105	0.327859048	0.302173394	0.212363219	0.282403927	0.343924467	0.371562981	0.397066686	0.367732793	0.446442511	0.288394062	0.308106399	0.321828751	0.322518833	0.319736497	0.314188986	0.344821839	0.24541345	0.270291311	0.330542332	0.280026838
MS.ExG_ExR.FS.3	0.50625508	0.446851507	0.466346701	0.421739525	0.512197739	0.41820243	0.432674646	0.420904791	0.488305131	0.444243248	0.414457195	0.497616537	0.473605606	0.452736851	0.404480687	0.376396409	0.473473531	0.46658968	0.51198483	0.440216436	0.469950723	0.414303874	0.43497327	0.354842724	0.444860723	0.450944988	0.483453384	0.503196749	0.457846225	0.452825584	0.497938381	0.432618094	0.401876195	0.487712474	0.373054961	0.415439404	0.467867134	0.464071937	0.435451426	0.532726889	0.441965933	0.497018649	0.452764923	0.499820603	0.410813442	0.392073728	0.394955119	0.381862528	0.400436206	0.50119652	0.417849937	0.455478111
MS.BRI.FS.3	0.466428288	0.439461513	0.447548617	0.438022444	0.427187482	0.472056823	0.48166696	0.446526471	0.420177823	0.440778141	0.420626549	0.409645434	0.427706774	0.425160519	0.434258801	0.454729161	0.447788595	0.442030457	0.44315493	0.451391547	0.45029836	0.42654105	0.434241936	0.442911966	0.426386128	0.428945819	0.39870534	0.448507175	0.424132131	0.446241271	0.417173708	0.407952411	0.437215217	0.419552901	0.403338818	0.413487063	0.416708673	0.452378931	0.470985193	0.424041023	0.480648354	0.405112941	0.422317153	0.429899172	0.442613963	0.439831802	0.443948154	0.452569485	0.40368011	0.422870123	0.456353406	0.41739954
MS.VARI.FS.3	0.554843041	0.567135325	0.603691212	0.590692026	0.608389908	0.542608661	0.52109682	0.547943923	0.629129912	0.609407189	0.589855777	0.614860132	0.578700113	0.598078512	0.556451013	0.540603661	0.557678713	0.586887282	0.579527006	0.549780488	0.602559621	0.570958247	0.57554386	0.581899139	0.602732596	0.60805959	0.665463565	0.548450747	0.597665272	0.565054408	0.645217295	0.645838594	0.550651932	0.623293457	0.617867669	0.591562394	0.588730025	0.559342799	0.524684676	0.608127386	0.497172749	0.647671942	0.59420857	0.607522451	0.553348823	0.551745026	0.557511099	0.532066869	0.59739415	0.630433954	0.550621125	0.610200285
MS.MCARI.FS.3	0.552598315	0.510108027	0.573122609	0.537563095	0.559663631	0.513086776	0.539883505	0.53596091	0.540853403	0.53558117	0.523430482	0.569824864	0.566359069	0.541060622	0.53395822	0.491476054	0.551096909	0.555440953	0.569350747	0.560005549	0.523980064	0.524777016	0.526833634	0.49860287	0.534843576	0.528389716	0.582956965	0.555522857	0.551916755	0.546386197	0.559887493	0.527292824	0.524470738	0.575833712	0.512330791	0.52789535	0.553376425	0.517200407	0.523787282	0.587493286	0.523059153	0.566456344	0.548428952	0.550831646	0.516155499	0.493646449	0.492111574	0.538163885	0.533753369	0.585475773	0.515094437	0.553106429
MS.MSAVI.FS.3	0.494971264	0.464477423	0.471902269	0.468189751	0.474976243	0.480058603	0.450219372	0.465732613	0.482404692	0.47934022	0.468450278	0.47048032	0.44161531	0.460935049	0.457027978	0.466666667	0.462701445	0.461983471	0.460398485	0.441952734	0.486346353	0.459770115	0.468714632	0.468885673	0.481364393	0.4682161	0.469796557	0.451150383	0.455792431	0.467978652	0.470037453	0.461870504	0.447926712	0.468102202	0.461538462	0.45951188	0.461252225	0.477586788	0.466346977	0.459289532	0.457638538	0.46780425	0.457484643	0.457083406	0.447973713	0.46396546	0.475098296	0.444519966	0.441934967	0.465176969	0.468384472	0.464836771
MS.OSAVI.FS.3	0.488356546	0.456878999	0.460432632	0.454588802	0.469206847	0.466510527	0.443572595	0.45341074	0.47545344	0.467284096	0.454161892	0.463756393	0.436249589	0.45054381	0.443702041	0.451136421	0.454952521	0.452718136	0.457528658	0.437926031	0.479466508	0.443825863	0.457401828	0.448442211	0.468848039	0.456827573	0.457618343	0.449000759	0.445773706	0.455250748	0.463116851	0.44913505	0.435527502	0.456284289	0.440955848	0.442092124	0.450299046	0.471802142	0.457375263	0.45446359	0.449931766	0.459316155	0.447227236	0.456966226	0.436165025	0.449931691	0.460373166	0.435281444	0.424629485	0.454866403	0.458809977	0.454417666
MS.DVI.FS.3	0.554025918	0.505234839	0.572015891	0.535725484	0.556355497	0.51388205	0.532650685	0.533167961	0.539743792	0.535465634	0.521729123	0.566447888	0.556342075	0.536551221	0.530036647	0.489866074	0.546128601	0.550861258	0.562265652	0.550283998	0.524250648	0.522116058	0.524773257	0.500050287	0.535901804	0.525743376	0.581236962	0.546937738	0.546771794	0.54447607	0.555839016	0.524029158	0.517994168	0.573330961	0.511590839	0.525761417	0.549233752	0.514874553	0.520693209	0.580602824	0.517110619	0.562891927	0.543253575	0.542945005	0.508881901	0.491402958	0.492524805	0.530698161	0.527796634	0.581768973	0.511859652	0.549701276
MS.B1.GS.1	0.593336703	0.666363847	0.639143905	0.671201626	0.664230846	0.626183199	0.627076268	0.644020711	0.613457288	0.622995984	0.626450588	0.663245108	0.682890469	0.661973717	0.662110104	0.67107689	0.622529647	0.662430007	0.633893004	0.686306601	0.575323412	0.66421426	0.607069636	0.594317709	0.622750979	0.623528931	0.709280364	0.600513556	0.676925055	0.649397827	0.661107097	0.678173696	0.656712988	0.639175835	0.63525595	0.669054962	0.666216298	0.564717045	0.632319778	0.676315809	0.636281787	0.667071531	0.679583167	0.635665413	0.639779025	0.616321617	0.579494263	0.644312067	0.671419734	0.698445371	0.599498791	0.698105215
MS.B2.GS.1	0.583956339	0.629203082	0.60314717	0.644286191	0.620593436	0.603503402	0.588532845	0.611523465	0.578596284	0.585785695	0.591283801	0.62020569	0.647716171	0.630961336	0.62134568	0.635888164	0.604306277	0.61691651	0.604363493	0.649779096	0.54685588	0.608492236	0.582276417	0.552014447	0.588811204	0.59885398	0.669142243	0.583727779	0.636147401	0.597352888	0.623709874	0.631778376	0.625360646	0.589110511	0.585342164	0.628285983	0.628372103	0.546545736	0.614828306	0.635629043	0.603287381	0.622229785	0.642868917	0.605970936	0.615315921	0.583660982	0.554904465	0.612227015	0.61609109	0.654860908	0.582191078	0.66295855
MS.B4.GS.1	0.584073818	0.596231318	0.583251193	0.619302305	0.593747104	0.596308906	0.553408045	0.589160319	0.559112074	0.567835983	0.572048887	0.590449047	0.608501126	0.606403375	0.589307993	0.603685879	0.589048539	0.584887874	0.577819082	0.606028424	0.535090838	0.574237221	0.569531914	0.534225965	0.576785405	0.581097263	0.636593223	0.563695136	0.600742899	0.567971038	0.595542691	0.601756825	0.587367331	0.560711653	0.554154371	0.601228505	0.602565851	0.530978276	0.59348112	0.603403907	0.564580647	0.602189626	0.603510632	0.5717015	0.581939249	0.561335925	0.541003503	0.579573538	0.571227165	0.620199111	0.570432778	0.632844272
MS.B5.GS.1	0.528533942	0.499757454	0.503248978	0.510348407	0.487256985	0.51719268	0.47999792	0.491636386	0.474070989	0.488911754	0.4895792	0.49140077	0.48804702	0.509228528	0.492725636	0.50741419	0.508511566	0.4922905	0.483343797	0.497028519	0.46901472	0.483168463	0.477351842	0.458729965	0.488454354	0.501152084	0.511802886	0.490499648	0.498816014	0.466709374	0.488872178	0.488648818	0.50712612	0.471075349	0.465879962	0.504129693	0.498944407	0.459310405	0.508954925	0.503408386	0.496705378	0.512819316	0.483447623	0.480799252	0.521351826	0.488819739	0.479087876	0.488857427	0.477931742	0.49414331	0.516856561	0.540426974
MS.NDI.GS.1	0.47949578	0.447514085	0.440226755	0.457544676	0.435409803	0.463134243	0.439995582	0.44639939	0.448978528	0.443829581	0.447084801	0.434363646	0.44295302	0.455477713	0.436376744	0.444231962	0.469024652	0.431870189	0.453531599	0.435428571	0.456139374	0.424293945	0.455239198	0.432901316	0.4490584	0.464435753	0.435877785	0.472387906	0.435871901	0.429520828	0.4453431	0.429163508	0.453571613	0.427653061	0.428030303	0.442799071	0.446287092	0.468869397	0.470097138	0.437074401	0.449477887	0.431474186	0.444025093	0.450066211	0.462711686	0.452441361	0.463641561	0.44654509	0.418656302	0.431779985	0.467471757	0.444183194
MS.CIVE.GS.1	0.43868409	0.388137525	0.190718953	0.312387783	0.28229105	0.312123646	0.320163186	0.326472497	0.260414652	0.199654585	0.259134577	0.265820421	0.335777739	0.337369213	0.352316153	0.344064474	0.373784631	0.270259773	0.29421033	0.327076056	0.234949708	0.27192711	0.27266414	0.174811886	0.245473877	0.291451389	0.193040885	0.438898348	0.295351295	0.313657977	0.204351645	0.187146699	0.409418351	0.19309953	0.22240686	0.337062732	0.345587108	0.374289663	0.440475724	0.313231611	0.474995376	0.207451175	0.361832586	0.32875591	0.428553776	0.374628175	0.345151995	0.371358562	0.253778261	0.244609099	0.354830726	0.394955455
MS.ExG.GS.1	0.432253925	0.380887662	0.178456255	0.298416492	0.273042895	0.299964272	0.316198297	0.319294122	0.252997904	0.188805812	0.250396956	0.257648006	0.327019378	0.326667402	0.346913589	0.333538504	0.36453505	0.262342994	0.286690561	0.321080813	0.227531414	0.263608168	0.262954487	0.164454302	0.237224723	0.276724546	0.173539846	0.433779499	0.28553485	0.307878282	0.189317533	0.172799712	0.402885782	0.184301412	0.215584416	0.327520865	0.336599455	0.370831292	0.433536075	0.303032633	0.472817317	0.194939854	0.353614739	0.322109424	0.422296707	0.371060974	0.341062962	0.367255984	0.246222699	0.230422777	0.346992018	0.384937457
MS.ExG_ExR.GS.1	0.555858457	0.537915444	0.48262108	0.565929262	0.508517705	0.540829342	0.461865014	0.509533281	0.483541364	0.474864113	0.491458286	0.493305582	0.541091232	0.549601502	0.507455352	0.536257853	0.550918609	0.486564716	0.512377598	0.513562044	0.454792365	0.483731104	0.510294215	0.438848735	0.492416652	0.543287744	0.555058138	0.539244233	0.517244166	0.477399703	0.524143927	0.505421494	0.54063367	0.455791939	0.451904942	0.532880948	0.536461504	0.493193438	0.566174294	0.528171703	0.516135836	0.495226629	0.544293625	0.509152384	0.546596856	0.496443591	0.489507648	0.50415414	0.467728357	0.534063926	0.526011045	0.567222757
MS.VARI.GS.1	0.597057829	0.620780326	0.654848289	0.690358972	0.670627181	0.671755197	0.592095136	0.628219819	0.668253658	0.686124492	0.672393979	0.679101026	0.659964727	0.671127702	0.618926853	0.628699589	0.645053299	0.666398293	0.650272132	0.604018101	0.637705075	0.676566806	0.682839618	0.779789255	0.684849738	0.742879513	0.746006779	0.596311841	0.660052983	0.626111972	0.76192847	0.72136101	0.597223107	0.699163341	0.681286352	0.6666764	0.663300308	0.589870532	0.605260503	0.656921129	0.52457374	0.707743507	0.639711124	0.614713648	0.586354012	0.595208425	0.620994258	0.594583846	0.645728213	0.696163009	0.613908165	0.628338279
MS.NDVI.GS.1	0.491084081	0.463508151	0.464139254	0.470370677	0.461361171	0.482507011	0.456467226	0.465557786	0.469668578	0.46837636	0.468539389	0.457886462	0.454745266	0.470541899	0.456959911	0.460448052	0.477743019	0.454924381	0.466807105	0.446003389	0.475340411	0.454303414	0.47429612	0.463199513	0.473657619	0.477375325	0.457488555	0.477417168	0.454319874	0.456551311	0.46468888	0.45646322	0.461600133	0.456445025	0.455449395	0.463110102	0.464754256	0.478963484	0.474259826	0.458259615	0.458247221	0.461781834	0.457132683	0.459370923	0.467094209	0.469898185	0.478747513	0.459476036	0.444116185	0.45503789	0.479214509	0.461512967
MS.MCARI.GS.1	0.578460766	0.578155744	0.560429274	0.604544906	0.571557648	0.584642879	0.52914128	0.569852296	0.540312935	0.546654683	0.552279806	0.566047864	0.587893614	0.590514753	0.566836422	0.584120704	0.578422275	0.559163272	0.560461132	0.580445195	0.517590628	0.548673674	0.555669536	0.511867232	0.558225448	0.569805798	0.614816115	0.554518637	0.577342099	0.542407528	0.576134164	0.576803329	0.570568967	0.534001402	0.527547273	0.581345366	0.583227977	0.52067439	0.58330136	0.582319441	0.546889973	0.577344737	0.584140248	0.552994955	0.568349545	0.54415947	0.528192214	0.558959254	0.541597441	0.596763191	0.559634899	0.613852752
MS.MSAVI.GS.1	0.498156925	0.469775475	0.478357953	0.475874071	0.474261201	0.492523364	0.464629411	0.475551135	0.480882353	0.482310351	0.480651055	0.470223527	0.458829284	0.477491707	0.466416694	0.467304884	0.481605913	0.466765873	0.473220118	0.45026446	0.487017424	0.468524898	0.484059857	0.479183541	0.487777053	0.482818139	0.467182076	0.478173271	0.462895778	0.470790942	0.473817836	0.470360825	0.46312732	0.472022251	0.469743924	0.472927105	0.473997028	0.483374283	0.474690083	0.467831612	0.459851608	0.478981938	0.461452514	0.462761506	0.467024915	0.47866001	0.486681643	0.465488215	0.455772358	0.465838509	0.485289087	0.469179744
MS.RVI.GS.1	0.479275501	0.426447619	0.438714588	0.443860945	0.422146835	0.462866005	0.427668555	0.439404881	0.44396354	0.443478821	0.442326447	0.424950344	0.419461955	0.442455868	0.41752078	0.424689485	0.458340436	0.420327755	0.441768001	0.412274801	0.457479518	0.403767669	0.447082212	0.425726124	0.451733904	0.451764839	0.416538985	0.456020423	0.417573817	0.414993453	0.431068145	0.414658357	0.427435702	0.418468777	0.417002204	0.426752705	0.432996042	0.458645046	0.453882948	0.418276752	0.421469998	0.429078176	0.417699992	0.428850434	0.439072365	0.44261498	0.459056727	0.430172514	0.394669915	0.411920728	0.461386933	0.426703921
MS.DVI.GS.1	0.580427982	0.573894485	0.560883618	0.601545374	0.570594617	0.586606358	0.524703006	0.56873929	0.540272109	0.547899783	0.552408322	0.564363413	0.58143614	0.588106989	0.563646488	0.579863996	0.57661156	0.556886934	0.557398688	0.572691467	0.519327662	0.546822314	0.556178384	0.513794919	0.560733293	0.568152202	0.611720232	0.550512253	0.573012965	0.541230454	0.573738137	0.575360964	0.563504912	0.533645796	0.526253827	0.579203032	0.580931479	0.51892804	0.578803018	0.579108209	0.539524217	0.579152866	0.577759333	0.547047823	0.56159254	0.542749973	0.528135435	0.554119618	0.536593751	0.593426577	0.559020981	0.610192334
MS.RDVI.GS.1	0.58972713	0.631978741	0.611870814	0.645653535	0.629955403	0.611796289	0.590531943	0.617009412	0.586563333	0.595724547	0.599728534	0.627308432	0.646360006	0.634586439	0.626818168	0.63829887	0.606248581	0.624091988	0.606084562	0.64718846	0.555488929	0.62032655	0.589399391	0.565296393	0.599985943	0.602743043	0.674072974	0.582652682	0.63968661	0.609469642	0.628945429	0.641195209	0.622673712	0.600629323	0.59532415	0.63582359	0.634940207	0.548389721	0.613338098	0.640719413	0.601194046	0.635333887	0.642418439	0.6043768	0.611302782	0.589186591	0.560444295	0.612633386	0.622618171	0.660617675	0.585661733	0.666332687
